%YAML:1.0
---
cam_model: stereo
sn: "21-220711-0046"
Kl: !!opencv-matrix
   rows: 3
   cols: 3
   dt: d
   data: [ 1.3480534554484557e+03, 4.5580340947689625e-02,
       6.2851226663552927e+02, 0., 1.3491185009265578e+03,
       4.7284497445273229e+02, 0., 0., 1. ]
Dl: !!opencv-matrix
   rows: 1
   cols: 4
   dt: d
   data: [ -6.9918853905768297e-02, 2.3601702345576048e-01,
       8.8630600037945342e-04, -1.1008965454571643e-03 ]
xil: !!opencv-matrix
   rows: 1
   cols: 1
   dt: d
   data: [ 2.4647287698829050e+00 ]
Rl: !!opencv-matrix
   rows: 3
   cols: 3
   dt: d
   data: [ 9.9996652958112886e-01, -8.1528810053382549e-03,
       6.8574688216915206e-04, 8.1528829222801275e-03,
       9.9996676469773504e-01, 0., -6.8572409116424593e-04,
       5.5908140446437226e-06, 9.9999976487557918e-01 ]
Kr: !!opencv-matrix
   rows: 3
   cols: 3
   dt: d
   data: [ 1.3660379939070192e+03, -1.4851689396169648e-01,
       6.2368513813402114e+02, 0., 1.3669806733950813e+03,
       4.8716372443830579e+02, 0., 0., 1. ]
Dr: !!opencv-matrix
   rows: 1
   cols: 4
   dt: d
   data: [ -6.4492563700212599e-02, 3.1838423699631974e-01,
       1.8595102922149970e-03, -3.3423396022377839e-04 ]
xir: !!opencv-matrix
   rows: 1
   cols: 1
   dt: d
   data: [ 2.5019278384981614e+00 ]
Rr: !!opencv-matrix
   rows: 3
   cols: 3
   dt: d
   data: [ 9.9996721582457548e-01, -8.0263854099669046e-03,
       1.0697725448958340e-03, 8.0210229992981816e-03,
       9.9995569748571955e-01, 4.9260791601990535e-03,
       -1.1092637611821491e-03, -4.9173369925690829e-03,
       9.9998729458469104e-01 ]
R: !!opencv-matrix
   rows: 3
   cols: 3
   dt: d
   data: [ 9.9999990161331886e-01, -1.3186350337024614e-04,
       -4.2353909984407958e-04, 1.2977690202300852e-04,
       9.9998787432909597e-01, -4.9228399051530437e-03,
       4.2418310706476581e-04, 4.9227844552188994e-03,
       9.9998779305644481e-01 ]
T: !!opencv-matrix
   rows: 3
   cols: 1
   dt: d
   data: [ -1.1976099098819590e-01, 9.6127938550283907e-04,
       -1.2812122045725627e-04 ]
Bl: 1.1976491738225707e-01
RMSE: 2.2380831086330497e-01
cap_size: [ 2560, 960 ]
