%YAML:1.0
---
cam_model: stereo
sn: "21-220711-0033"
Kl: !!opencv-matrix
   rows: 3
   cols: 3
   dt: d
   data: [ 1.3793731020544351e+03, 1.0384552415689455e-01,
       6.4862469194095297e+02, 0., 1.3804911505321425e+03,
       4.9217181783165046e+02, 0., 0., 1. ]
Dl: !!opencv-matrix
   rows: 1
   cols: 4
   dt: d
   data: [ -6.2408842278007352e-02, 3.7032539204205628e-01,
       5.3306592735458461e-04, -1.0194034777558276e-03 ]
xil: !!opencv-matrix
   rows: 1
   cols: 1
   dt: d
   data: [ 2.5213782424974793e+00 ]
Rl: !!opencv-matrix
   rows: 3
   cols: 3
   dt: d
   data: [ 9.9999488394529812e-01, -3.1091441064085130e-03,
       -7.5186844289388470e-04, 3.1091449852180355e-03,
       9.9999516659704946e-01, 0., 7.5186480881073441e-04,
       -2.3376679987672143e-06, 9.9999971734688231e-01 ]
Kr: !!opencv-matrix
   rows: 3
   cols: 3
   dt: d
   data: [ 1.3500253465033361e+03, -1.0615159575198484e-01,
       6.2943355212861695e+02, 0., 1.3510047231093572e+03,
       4.7482551377595161e+02, 0., 0., 1. ]
Dr: !!opencv-matrix
   rows: 1
   cols: 4
   dt: d
   data: [ -6.5216925843577966e-02, 2.6436550920295249e-01,
       4.6384823976144824e-05, -4.4960492666560182e-04 ]
xir: !!opencv-matrix
   rows: 1
   cols: 1
   dt: d
   data: [ 2.4673389290910182e+00 ]
Rr: !!opencv-matrix
   rows: 3
   cols: 3
   dt: d
   data: [ 9.9999200840211866e-01, -3.4267835727999391e-03,
       -2.0591955328167089e-03, 3.4301378051106593e-03,
       9.9999279253274653e-01, 1.6275863101388002e-03,
       2.0536033052014450e-03, -1.6346366275687178e-03,
       9.9999655533234744e-01 ]
R: !!opencv-matrix
   rows: 3
   cols: 3
   dt: d
   data: [ 9.9999910121611391e-01, 3.2099716585068491e-04,
       1.3017402904804392e-03, -3.1887249078582126e-04,
       9.9999861734981987e-01, -1.6320596751045633e-03,
       -1.3022623771591947e-03, 1.6316431190668487e-03,
       9.9999782092434231e-01 ]
T: !!opencv-matrix
   rows: 3
   cols: 1
   dt: d
   data: [ -1.1987545205915048e-01, 4.1079051277085249e-04,
       2.4684896809227727e-04 ]
Bl: 1.1987641006321517e-01
RMSE: 2.2229283269391256e-01
cap_size: [ 2560, 960 ]
